1 1 0 0 0 9.1 20 5 0 -3.2 2.7885 0.1 0 71 0 0 0 0 0 0 0 0 -1.15 0 0 0 0 0 0.2079 0 0 0 0 0 0.1615 0 180 -70 0 0 -0.223 0 0 0 0 0 -0.05 0 0 0 0 0 -0.345 0 0 0 0 -0.39775 -0.138 0 0 0 0 0 0 0 0 0 0 0 -0.577 0 0 0 0 0 0 0 0 0 0 0 -0.531 0 0 0 0 0.39775 -0.138 0 0 0 0 0 0 0 0 0 0 0 -0.577 0 0 0 0 0 0 0 0 0 0 0 -0.531 0 0 0 0 -0.185 -1.173 0 0 0 0 0 0 0 0 0 0 0 -0.762 0 0 0 0 0 0 0 0 0 0 0 -0.715 0.054 0 0 0 0.185 -1.173 0 0 0 0 0 0 0 0 0 0 0 -0.762 0 0 0 0 0 0 0 0 0 0 0 -0.715 0.054 0 0 0 3.7 0.6 2 90 180 -104 0 0 0 0 0 0 0 -1 0 0 0 0 0 0.08 0.1 62 0 0 0 0.2 0 0 0 0 0 0 0 -45 0 0 0 0.18 -0.1 135 0 0 0 0 -0.16 90 0 0 -0.125 -0.1 -0.133333 90 0 0 0.125 -0.1 -0.133333 90 0 0 -0.125 -0.9 -0.133333 90 0 0 0.125 -0.9 -0.133333 90 0 0 0 -0.95 0 -30 0 0 0 0 0 90 90 0 0 0 0 0 0 0 
1 1 0 0 0 9.1 20 5 0 -3.2 2.7885 0.1 0 71 0 0 0 0 0 0 0 0 -1.15 0 0 0 0 0 0.2079 0 0 0 0 0 0.1615 0 180 -70 0 0 -0.223 0 0 0 0 0 -0.05 0 0 0 0 0 -0.345 0 0 0 0 -0.39775 -0.138 0 0 0 0 0 0 0 0 0 0 0 -0.577 0 0 0 0 0 0 0 0 0 0 0 -0.531 0 0 0 0 0.39775 -0.138 0 0 0 0 0 0 0 0 0 0 0 -0.577 0 0 0 0 0 0 0 0 0 0 0 -0.531 0 0 0 0 -0.185 -1.173 0 0 0 0 0 0 0 0 0 0 0 -0.762 0 0 0 0 0 0 0 0 0 0 0 -0.715 0.054 0 0 0 0.185 -1.173 0 0 0 0 0 0 0 0 0 0 0 -0.762 0 0 0 0 0 0 0 0 0 0 0 -0.715 0.054 0 0 0 3.7 0.6 2 90 180 -104 0 0 0 0 0 0 0 -1 0 0 0 0 0 0.08 0.1 62 0 0 0 0.2 0 0 0 0 0 0 0 -45 0 0 0 0.18 -0.1 135 0 0 0 0 -0.16 90 0 0 -0.125 -0.1 -0.133333 90 0 0 0.125 -0.1 -0.133333 90 0 0 -0.125 -0.9 -0.133333 90 0 0 0.125 -0.9 -0.133333 90 0 0 0 -0.95 0 -30 0 0 0 0 0 90 90 0 0 0 0 0 0 0 
0 
1 1 0 0 0 9.1 20 5 0 -3 2.7885 0.1 0 71 0 0 0 0 0 0 0 0 -1.15 0 0 0 0 0 0.2079 0 0 0 0 0 0.1615 0 180 -70 0 0 -0.223 0 0 0 0 0 -0.05 0 0 0 0 0 -0.345 0 0 0 0 -0.39775 -0.138 0 -6.875e-06 0 0 0 0 0 0 0 0 0 -0.577 0 0 0 0 0 0 0 0 0 0 0 -0.531 0 0 0 0 0.39775 -0.138 0 -8.25e-06 0 0 0 0 0 0 0 0 0 -0.577 0 0 0 0 0 0 0 0 0 0 0 -0.531 0 0 0 0 -0.185 -1.173 0 -12 0 0 0 0 0 0 0 0 0 -0.762 0 22 0 0 0 0 0 0 0 0 0 -0.715 0.054 0 0 0 0.185 -1.173 0 -6.875e-06 0 0 0 0 0 0 0 0 0 -0.762 0 1.5125e-05 0 0 0 0 0 0 0 0 0 -0.715 0.054 0 0 0 3.3 0.6 2 90 180 -106 0 0 0 0 0 0 0 -1 0 0 0 0 0 0.08 0.1 62 0 0 0 0.2 0 0 0 0 0 0 0 -45 0 0 0 0.18 -0.1 135 0 0 0 0 -0.16 90 0 0 -0.125 -0.1 -0.133333 98 0 0 0.125 -0.1 -0.133333 78 0 0 -0.125 -0.9 -0.133333 98 0 0 0.125 -0.9 -0.133333 80 0 0 0 -0.95 0 -30 0 0 0 0 0 90 90 0 0 0 0 0 0 0 
1 
1 1 0 0 0 9.1 20 5 0 -2.6 2.7885 0.1 0 71 0 0 0 0 0 0 0 0 -1.15 0 0 0 0 0 0.2079 0 0 0 0 0 0.1615 0 180 -70 0 0 -0.223 0 0 0 0 0 -0.05 0 0 0 0 0 -0.345 0 0 0 0 -0.39775 -0.138 0 -10 0 0 0 0 0 0 0 0 0 -0.577 0 0 0 0 0 0 0 0 0 0 0 -0.531 0 0 0 0 0.39775 -0.138 0 -12 0 0 0 0 0 0 0 0 0 -0.577 0 0 0 0 0 0 0 0 0 0 0 -0.531 0 0 0 0 -0.185 -1.173 0 -4 0 0 0 0 0 0 0 0 0 -0.762 0 4.00001 0 0 0 0 0 0 0 0 0 -0.715 0.054 0 0 0 0.185 -1.173 0 -10 0 0 0 0 0 0 0 0 0 -0.762 0 22 0 0 0 0 0 0 0 0 0 -0.715 0.054 0 0 0 2.9 0.6 2 90 180 -108 0 0 0 0 0 0 0 -1 0 0 0 0 0 0.08 0.1 62 0 0 0 0.2 0 0 0 0 0 0 0 -45 0 0 0 0.18 -0.1 135 0 0 0 0 -0.16 90 0 0 -0.125 -0.1 -0.133333 73 0 0 0.125 -0.1 -0.133333 100 0 0 -0.125 -0.9 -0.133333 71 0 0 0.125 -0.9 -0.133333 100 0 0 0 -0.95 0 -30 0 0 0 0 0 90 90 0 0 0 0 0 0 0 
1 
1 1 0 0 0 9.1 20 5 0 -2.4 2.5885 0.1 0 71 0 0 0 0 0 0 0 0 -1.15 0 0 0 0 0 0.2079 0 0 0 0 0 0.1615 0 180 -70 0 0 -0.223 0 0 0 0 0 -0.05 0 0 0 0 0 -0.345 0 0 0 0 -0.39775 -0.138 0 -10 0 0 0 0 0 0 0 0 0 -0.577 0 0 0 0 0 0 0 0 0 0 0 -0.531 0 0 0 0 0.39775 -0.138 0 -12 0 0 0 0 0 0 0 0 0 -0.577 0 0 0 0 0 0 0 0 0 0 0 -0.531 0 0 0 0 -0.185 -1.173 0 5.00001 0 0 0 0 0 0 0 0 0 -0.762 0 36 0 0 0 0 0 0 0 0 0 -0.715 0.054 0 0 0 0.185 -1.173 0 8.00001 0 0 0 0 0 0 0 0 0 -0.762 0 25 0 0 0 0 0 0 0 0 0 -0.715 0.054 0 0 0 2.5 0.6 1.8 90 180 -108 0 0 0 0 0 0 0 -1 0 0 0 0 0 0.08 0.1 62 0 0 0 0.2 0 0 0 0 0 0 0 -45 0 0 0 0.18 -0.1 135 0 0 0 0 -0.16 90 0 0 -0.125 -0.1 -0.133333 101 0 0 0.125 -0.1 -0.133333 72 0 0 -0.125 -0.9 -0.133333 96 0 0 0.125 -0.9 -0.133333 63 0 0 0 -0.95 0 -30 0 0 0 0 0 90 90 0 0 0 0 0 0 0 
1 
1 1 0 0 0 9.1 20 5 0 -2.4 2.1885 0.1 0 71 0 0 0 0 0 0 0 0 -1.15 0 0 0 0 0 0.2079 0 0 0 0 0 0.1615 0 180 -70 0 0 -0.223 0 0 0 0 0 -0.05 0 0 0 0 0 -0.345 0 0 0 0 -0.39775 -0.138 0 -20 0 0 0 0 0 0 0 0 0 -0.577 0 0 0 0 0 0 0 0 0 0 0 -0.531 0 0 0 0 0.39775 -0.138 0 -24 0 0 0 0 0 0 0 0 0 -0.577 0 0 0 0 0 0 0 0 0 0 0 -0.531 0 0 0 0 -0.185 -1.173 0 27 6.25e-07 0 0 0 0 0 0 0 0 -0.762 0 50 0 0 0 0 0 0 0 0 0 -0.715 0.054 0 0 0 0.185 -1.173 0 29 0 0 0 0 0 0 0 0 0 -0.762 0 49 0 0 0 0 0 0 0 0 0 -0.715 0.054 0 0 0 1.7 0.6 1.6 90 180 -108 0 0 0 0 0 0 0 -1 0 0 0 0 0 0.08 0.1 62 0 0 0 0.2 0 0 0 0 0 0 0 -45 0 0 0 0.18 -0.1 135 0 0 0 0 -0.16 90 0 0 -0.125 -0.1 -0.133333 71 0 0 0.125 -0.1 -0.133333 110 0 0 -0.125 -0.9 -0.133333 66 0 0 0.125 -0.9 -0.133333 108 0 0 0 -0.95 0 -30 0 0 0 0 0 90 90 0 0 0 0 0 0 0 
1 
1 1 0 0 0 9.1 20 5 0 -2.6 1.9885 0.1 0 71 0 0 0 0 0 0 0 0 -1.15 0 0 0 0 0 0.2079 0 0 0 0 0 0.1615 0 180 -70 0 0 -0.223 0 0 0 0 0 -0.05 0 0 0 0 0 -0.345 0 0 0 0 -0.39775 -0.138 0 -20 0 0 0 0 0 0 0 0 0 -0.577 0 0 0 0 0 0 0 0 0 0 0 -0.531 0 0 0 0 0.39775 -0.138 0 -24 0 0 0 0 0 0 0 0 0 -0.577 0 0 0 0 0 0 0 0 0 0 0 -0.531 0 0 0 0 -0.185 -1.173 0 8 2 0 0 0 0 0 0 0 0 -0.762 0 83 0 0 0 0 0 0 0 0 0 -0.715 0.054 0 0 0 0.185 -1.173 0 9 0 0 0 0 0 0 0 0 0 -0.762 0 83 0 0 0 0 0 0 0 0 0 -0.715 0.054 0 0 0 0.499999 0.6 1.2 90 180 -108 0 0 0 0 0 0 0 -1 0 0 0 0 0 0.08 0.1 62 0 0 0 0.2 0 0 0 0 0 0 0 -45 0 0 0 0.18 -0.1 135 0 0 0 0 -0.16 90 0 0 -0.125 -0.1 -0.133333 108 0 0 0.125 -0.1 -0.133333 67 0 0 -0.125 -0.9 -0.133333 104 0 0 0.125 -0.9 -0.133333 63 0 0 0 -0.95 0 -30 0 0 0 0 0 90 90 0 0 0 0 0 0 0 
1 
1 1 0 0 0 9.1 20 17 0 -2.6 1.9885 0.1 0 71 0 0 0 0 0 0 0 0 -1.15 0 0 0 0 0 0.2079 0 0 0 0 0 0.1615 0 180 -70 0 0 -0.223 0 0 0 0 0 -0.05 0 0 0 0 0 -0.345 0 0 0 0 -0.39775 -0.138 0 -20 1.625e-05 0 0 0 0 0 0 0 0 -0.577 0 -1.8125e-05 0 0 0 0 0 0 0 0 0 -0.531 0 0 0 0 0.39775 -0.138 0 -24 -1.1875e-05 0 0 0 0 0 0 0 0 -0.577 0 -1.25e-05 -1.4375e-05 0 0 0 0 0 0 0 0 -0.531 0 0 0 0 -0.185 -1.173 0 8 2 0 0 0 0 0 0 0 0 -0.762 0 83 0 0 0 0 0 0 0 0 0 -0.715 0.054 0 0 0 0.185 -1.173 0 9 0 0 0 0 0 0 0 0 0 -0.762 0 83 0 0 0 0 0 0 0 0 0 -0.715 0.054 0 0 0 -0.900001 0.6 0.599999 90 180 -106 0 0 0 0 0 0 0 -1 0 0 0 0 0 0.08 0.1 62 0 0 0 0.2 0 0 0 0 0 0 0 -45 0 0 0 0.18 -0.1 135 0 0 0 0 -0.16 90 0 0 -0.125 -0.1 -0.133333 75.0001 0 0 0.125 -0.1 -0.133333 123 0 0 -0.125 -0.9 -0.133333 72 0 0 0.125 -0.9 -0.133333 112 -2.5e-06 0 0 -0.95 0 -30 0 0 0 0 0 90 90 0 0 0 0 0 0 0 
1 
1 1 0 0 0 9.1 17 13 0 -2.6 1.9885 0.1 0 71 0 0 0 0 0 0 0 0 -1.15 0 0 0 0 0 0.2079 0 0 0 0 0 0.1615 0 180 -70 0 0 -0.223 0 0 0 0 0 -0.05 0 0 0 0 0 -0.345 0 0 0 0 -0.39775 -0.138 0 -24 26 0 0 0 0 0 0 0 0 -0.577 0 -29 0 0 0 0 0 0 0 0 0 -0.531 0 0 0 0 0.39775 -0.138 0 -30 -19 0 0 0 0 0 0 0 0 -0.577 0 -20 -23 0 0 0 0 0 0 0 0 -0.531 0 0 0 0 -0.185 -1.173 0 8 2 0 0 0 0 0 0 0 0 -0.762 0 83 0 0 0 0 0 0 0 0 0 -0.715 0.054 0 0 0 0.185 -1.173 0 9 0 0 0 0 0 0 0 0 0 -0.762 0 83 0 0 0 0 0 0 0 0 0 -0.715 0.054 0 0 0 -2.1 1.2 0.2 118 153 -134 0 0 0 0 0 0 0 -1 0 0 0 0 0 0.08 0.1 62 0 0 0 0.2 0 0 0 0 0 0 0 -45 0 0 0 0.18 -0.1 135 0 0 0 0 -0.16 90 0 0 -0.125 -0.1 -0.133333 178 0 0 0.125 -0.1 -0.133333 185 0 0 -0.125 -0.9 -0.133333 64 0 0 0.125 -0.9 -0.133333 65 -4 0 0 -0.95 0 -30 0 0 0 0 0 90 90 0 0 0 0 0 0 0 
1 
1 1 0 0 0 9.1 17 24 0 -2.6 2.3885 0.1 0 71 0 0 0 0 0 0 0 0 -1.15 0 0 0 0 0 0.2079 0 0 0 0 0 0.1615 0 180 -70 0 0 -0.223 0 0 0 0 0 -0.05 0 0 0 0 0 -0.345 0 0 0 0 -0.39775 -0.138 0 -24 26 0 0 0 0 0 0 0 0 -0.577 0 -29 0 0 0 0 0 0 0 0 0 -0.531 0 0 0 0 0.39775 -0.138 0 -30 -19 0 0 0 0 0 0 0 0 -0.577 0 -20 -23 0 0 0 0 0 0 0 0 -0.531 0 0 0 0 -0.185 -1.173 0 8 2 0 0 0 0 0 0 0 0 -0.762 0 53 0 0 0 0 0 0 0 0 0 -0.715 0.054 0 0 0 0.185 -1.173 0 9 0 0 0 0 0 0 0 0 0 -0.762 0 48 0 0 0 0 0 0 0 0 0 -0.715 0.054 0 0 0 -2.1 1.8 0.2 140 120 -144 0 0 0 0 0 0 0 -1 0 0 0 0 0 0.08 0.1 29 0 0 0 0.2 0 0 0 0 0 0 0 -45 0 0 0 0.18 -0.1 135 0 0 0 0 -0.16 90 0 0 -0.125 -0.1 -0.133333 178 0 0 0.125 -0.1 -0.133333 185 0 0 -0.125 -0.9 -0.133333 64 0 0 0.125 -0.9 -0.133333 65 -4 0 0 -0.95 0 -30 0 0 0 0 0 90 90 0 0 0 0 0 0 0 
1.5 
1 1 0 0 0 9.1 17 24 0 -3.2 2.7885 0.1 0 71 0 0 0 0 0 0 0 0 -1.15 0 0 0 0 0 0.2079 0 0 0 0 0 0.1615 0 180 -70 0 0 -0.223 0 0 0 0 0 -0.05 0 0 0 0 0 -0.345 0 0 0 0 -0.39775 -0.138 0 -24 26 0 0 0 0 0 0 0 0 -0.577 0 -29 0 0 0 0 0 0 0 0 0 -0.531 0 0 0 0 0.39775 -0.138 0 -30 -19 0 0 0 0 0 0 0 0 -0.577 0 -20 -23 0 0 0 0 0 0 0 0 -0.531 0 0 0 0 -0.185 -1.173 0 4 2 0 0 0 0 0 0 0 0 -0.762 0 0 0 0 0 0 0 0 0 0 0 -0.715 0.054 0 0 0 0.185 -1.173 0 5 0 0 0 0 0 0 0 0 0 -0.762 0 -1 0 0 0 0 0 0 0 0 0 -0.715 0.054 0 0 0 -2.7 2.6 0.2 140 120 -144 0 0 0 0 0 0 0 -1 0 0 0 0 0 0.08 0.1 29 0 0 0 0.2 0 0 0 0 0 0 0 -45 0 0 0 0.18 -0.1 135 0 0 0 0 -0.16 90 0 0 -0.125 -0.1 -0.133333 178 0 0 0.125 -0.1 -0.133333 185 0 0 -0.125 -0.9 -0.133333 64 0 0 0.125 -0.9 -0.133333 65 -4 0 0 -0.95 0 -30 0 0 0 0 0 90 90 0 0 0 0 0 0 0 
1.5 
1 1 0 0 0 9.1 23 17 0 -3.2 2.7885 0.1 0 71 0 0 0 0 0 0 0 0 -1.15 0 0 0 0 0 0.2079 0 0 0 0 0 0.1615 0 180 -70 0 0 -0.223 0 0 0 0 0 -0.05 0 0 0 0 0 -0.345 0 0 0 0 -0.39775 -0.138 0 -58 54 0 0 0 0 0 0 0 0 -0.577 0 -19 14 0 0 0 0 0 0 0 0 -0.531 0 0 0 0 0.39775 -0.138 0 -54 -39 0 0 0 0 0 0 0 0 -0.577 0 -10 -31 0 0 0 0 0 0 0 0 -0.531 0 0 0 0 -0.185 -1.173 0 4 2 0 0 0 0 0 0 0 0 -0.762 0 0 0 0 0 0 0 0 0 0 0 -0.715 0.054 0 0 0 0.185 -1.173 0 5 0 0 0 0 0 0 0 0 0 -0.762 0 -1 0 0 0 0 0 0 0 0 0 -0.715 0.054 0 0 0 -2.1 2.2 0.4 106 149 -116 0 0 0 0 0 0 0 -1 0 0 0 0 0 0.08 0.1 29 0 0 0 0.2 0 0 0 0 0 0 0 -45 0 0 0 0.18 -0.1 135 0 0 0 0 -0.16 90 0 0 -0.125 -0.1 -0.133333 160 -21 -16 0.125 -0.1 -0.133333 165 18 0 -0.125 -0.9 -0.133333 64 0 0 0.125 -0.9 -0.133333 65 -4 0 0 -0.95 0 -30 0 0 0 0 0 90 90 0 0 0 0 0 0 0 
1 
1 1 0 0 0 9.1 23 17 0 -3.2 2.7885 0.1 0 103 0 0 0 0 0 0 0 0 -1.15 0 0 0 0 0 0.2079 0 0 0 0 0 0.1615 0 180 -70 0 0 -0.223 0 0 0 0 0 -0.05 0 0 0 0 0 -0.345 0 0 0 0 -0.39775 -0.138 0 -58 54 0 0 0 0 0 0 0 0 -0.577 0 -19 14 0 0 0 0 0 0 0 0 -0.531 0 0 0 0 0.39775 -0.138 0 -54 -39 0 0 0 0 0 0 0 0 -0.577 0 -10 -31 0 0 0 0 0 0 0 0 -0.531 0 0 0 0 -0.185 -1.173 0 4 2 0 0 0 0 0 0 0 0 -0.762 0 0 0 0 0 0 0 0 0 0 0 -0.715 0.054 0 0 0 0.185 -1.173 0 5 0 0 0 0 0 0 0 0 0 -0.762 0 -1 0 0 0 0 0 0 0 0 0 -0.715 0.054 0 0 0 -2.1 2.2 -0.2 86 151 -76 0 0 0 0 0 0 0 -1 0 0 0 0 0 0.08 0.1 29 0 0 0 0.2 0 0 0 0 0 0 0 -45 0 0 0 0.18 -0.1 135 0 0 0 0 -0.16 90 0 0 -0.125 -0.1 -0.133333 160 -21 -16 0.125 -0.1 -0.133333 165 18 0 -0.125 -0.9 -0.133333 64 0 0 0.125 -0.9 -0.133333 65 -4 0 0 -0.95 0 -30 0 0 0 0 0 90 90 0 0 0 0 0 0 0 
1 
1 1 0 0 0 9.1 23 17 0 -3.2 2.7885 0.1 0 158 0 0 0 0 0 0 0 0 -1.15 0 0 0 0 0 0.2079 0 0 0 0 0 0.1615 0 180 -70 0 0 -0.223 0 0 0 0 0 -0.05 0 0 0 0 0 -0.345 0 0 0 0 -0.39775 -0.138 0 -58 54 0 0 0 0 0 0 0 0 -0.577 0 -19 14 0 0 0 0 0 0 0 0 -0.531 0 0 0 0 0.39775 -0.138 0 -54 -39 0 0 0 0 0 0 0 0 -0.577 0 -10 -31 0 0 0 0 0 0 0 0 -0.531 0 0 0 0 -0.185 -1.173 0 4 2 0 0 0 0 0 0 0 0 -0.762 0 0 0 0 0 0 0 0 0 0 0 -0.715 0.054 0 0 0 0.185 -1.173 0 5 0 0 0 0 0 0 0 0 0 -0.762 0 -1 0 0 0 0 0 0 0 0 0 -0.715 0.054 0 0 0 -2.9 2.2 -1 70 174 -15 0 0 0 0 0 0 0 -1 0 0 0 0 0 0.08 0.1 29 0 0 0 0.2 0 0 0 0 0 0 0 -45 0 0 0 0.18 -0.1 135 0 0 0 0 -0.16 90 0 0 -0.125 -0.1 -0.133333 160 -21 -16 0.125 -0.1 -0.133333 165 18 0 -0.125 -0.9 -0.133333 64 0 0 0.125 -0.9 -0.133333 65 -4 0 0 -0.95 0 -30 0 0 0 0 0 90 90 0 0 0 0 0 0 0 
1 
1 1 0 0 0 9.1 23 17 0 -3.2 2.7885 0.1 0 242 0 0 0 0 0 0 0 0 -1.15 0 0 0 0 0 0.2079 0 0 0 0 0 0.1615 0 180 -70 0 0 -0.223 0 0 0 0 0 -0.05 0 0 0 0 0 -0.345 0 0 0 0 -0.39775 -0.138 0 -58 54 0 0 0 0 0 0 0 0 -0.577 0 -19 14 0 0 0 0 0 0 0 0 -0.531 0 0 0 0 0.39775 -0.138 0 -54 -39 0 0 0 0 0 0 0 0 -0.577 0 -10 -31 0 0 0 0 0 0 0 0 -0.531 0 0 0 0 -0.185 -1.173 0 4 2 0 0 0 0 0 0 0 0 -0.762 0 0 0 0 0 0 0 0 0 0 0 -0.715 0.054 0 0 0 0.185 -1.173 0 5 0 0 0 0 0 0 0 0 0 -0.762 0 -1 0 0 0 0 0 0 0 0 0 -0.715 0.054 0 0 0 -4.5 2.2 -0.4 79 203 63 0 0 0 0 0 0 0 -1 0 0 0 0 0 0.08 0.1 29 0 0 0 0.2 0 0 0 0 0 0 0 -45 0 0 0 0.18 -0.1 135 0 0 0 0 -0.16 90 0 0 -0.125 -0.1 -0.133333 160 -21 -16 0.125 -0.1 -0.133333 165 18 0 -0.125 -0.9 -0.133333 64 0 0 0.125 -0.9 -0.133333 65 -4 0 0 -0.95 0 -30 0 0 0 0 0 90 90 0 0 0 0 0 0 0 
1 
1 1 0 0 0 9.1 23 17 0 -3.2 2.7885 0.1 0 158 0 0 0 0 0 0 0 0 -1.15 0 0 0 0 0 0.2079 0 0 0 0 0 0.1615 0 180 -70 0 0 -0.223 0 0 0 0 0 -0.05 0 0 0 0 0 -0.345 0 0 0 0 -0.39775 -0.138 0 -58 54 0 0 0 0 0 0 0 0 -0.577 0 -19 14 0 0 0 0 0 0 0 0 -0.531 0 0 0 0 0.39775 -0.138 0 -54 -39 0 0 0 0 0 0 0 0 -0.577 0 -10 -31 0 0 0 0 0 0 0 0 -0.531 0 0 0 0 -0.185 -1.173 0 4 2 0 0 0 0 0 0 0 0 -0.762 0 0 0 0 0 0 0 0 0 0 0 -0.715 0.054 0 0 0 0.185 -1.173 0 5 0 0 0 0 0 0 0 0 0 -0.762 0 -1 0 0 0 0 0 0 0 0 0 -0.715 0.054 0 0 0 -2.9 2.2 -1 70 174 -15 0 0 0 0 0 0 0 -1 0 0 0 0 0 0.08 0.1 29 0 0 0 0.2 0 0 0 0 0 0 0 -45 0 0 0 0.18 -0.1 135 0 0 0 0 -0.16 90 0 0 -0.125 -0.1 -0.133333 160 -21 -16 0.125 -0.1 -0.133333 165 18 0 -0.125 -0.9 -0.133333 64 0 0 0.125 -0.9 -0.133333 65 -4 0 0 -0.95 0 -30 0 0 0 0 0 90 90 0 0 0 0 0 0 0 
1.3 
1 1 0 0 0 9.1 23 17 0 -3.2 2.7885 0.1 0 103 0 0 0 0 0 0 0 0 -1.15 0 0 0 0 0 0.2079 0 0 0 0 0 0.1615 0 180 -70 0 0 -0.223 0 0 0 0 0 -0.05 0 0 0 0 0 -0.345 0 0 0 0 -0.39775 -0.138 0 -58 54 0 0 0 0 0 0 0 0 -0.577 0 -19 14 0 0 0 0 0 0 0 0 -0.531 0 0 0 0 0.39775 -0.138 0 -54 -39 0 0 0 0 0 0 0 0 -0.577 0 -10 -31 0 0 0 0 0 0 0 0 -0.531 0 0 0 0 -0.185 -1.173 0 4 2 0 0 0 0 0 0 0 0 -0.762 0 0 0 0 0 0 0 0 0 0 0 -0.715 0.054 0 0 0 0.185 -1.173 0 5 0 0 0 0 0 0 0 0 0 -0.762 0 -1 0 0 0 0 0 0 0 0 0 -0.715 0.054 0 0 0 -2.1 2.2 -0.2 86 151 -76 0 0 0 0 0 0 0 -1 0 0 0 0 0 0.08 0.1 29 0 0 0 0.2 0 0 0 0 0 0 0 -45 0 0 0 0.18 -0.1 135 0 0 0 0 -0.16 90 0 0 -0.125 -0.1 -0.133333 160 -21 -16 0.125 -0.1 -0.133333 165 18 0 -0.125 -0.9 -0.133333 64 0 0 0.125 -0.9 -0.133333 65 -4 0 0 -0.95 0 -30 0 0 0 0 0 90 90 0 0 0 0 0 0 0 
0.5 
1 1 0 0 0 9.1 23 17 0 -3.2 2.7885 0.1 0 71 0 0 0 0 0 0 0 0 -1.15 0 0 0 0 0 0.2079 0 0 0 0 0 0.1615 0 180 -70 0 0 -0.223 0 0 0 0 0 -0.05 0 0 0 0 0 -0.345 0 0 0 0 -0.39775 -0.138 0 -58 54 0 0 0 0 0 0 0 0 -0.577 0 -19 14 0 0 0 0 0 0 0 0 -0.531 0 0 0 0 0.39775 -0.138 0 -54 -39 0 0 0 0 0 0 0 0 -0.577 0 -10 -31 0 0 0 0 0 0 0 0 -0.531 0 0 0 0 -0.185 -1.173 0 4 2 0 0 0 0 0 0 0 0 -0.762 0 0 0 0 0 0 0 0 0 0 0 -0.715 0.054 0 0 0 0.185 -1.173 0 5 0 0 0 0 0 0 0 0 0 -0.762 0 -1 0 0 0 0 0 0 0 0 0 -0.715 0.054 0 0 0 -2.1 2.2 0.4 106 149 -116 0 0 0 0 0 0 0 -1 0 0 0 0 0 0.08 0.1 29 0 0 0 0.2 0 0 0 0 0 0 0 -45 0 0 0 0.18 -0.1 135 0 0 0 0 -0.16 90 0 0 -0.125 -0.1 -0.133333 160 -21 -16 0.125 -0.1 -0.133333 165 18 0 -0.125 -0.9 -0.133333 64 0 0 0.125 -0.9 -0.133333 65 -4 0 0 -0.95 0 -30 0 0 0 0 0 90 90 0 0 0 0 0 0 0 
0.5 
1 1 0 0 0 9.1 23 17 0 -2.8 2.5885 0.1 0 71 0 0 0 0 0 0 0 0 -1.15 0 0 0 0 0 0.2079 0 0 0 0 0 0.1615 0 180 -70 0 0 -0.223 0 0 0 0 0 -0.05 0 0 0 0 0 -0.345 0 0 0 0 -0.39775 -0.138 0 -58 54 0 0 0 0 0 0 0 0 -0.577 0 -19 14 0 0 0 0 0 0 0 0 -0.531 0 0 0 0 0.39775 -0.138 0 -54 -39 0 0 0 0 0 0 0 0 -0.577 0 -10 -31 0 0 0 0 0 0 0 0 -0.531 0 0 0 0 -0.185 -1.173 0 4 2 0 0 0 0 0 0 0 0 -0.762 0 40 0 0 0 0 0 0 0 0 0 -0.715 0.054 0 0 0 0.185 -1.173 0 5 0 0 0 0 0 0 0 0 0 -0.762 0 35 0 0 0 0 0 0 0 0 0 -0.715 0.054 0 0 0 -1.5 1.8 0.4 106 149 -116 0 0 0 0 0 0 0 -1 0 0 0 0 0 0.08 0.1 29 0 0 0 0.2 0 0 0 0 0 0 0 -45 0 0 0 0.18 -0.1 135 0 0 0 0 -0.16 90 0 0 -0.125 -0.1 -0.133333 160 -21 -16 0.125 -0.1 -0.133333 165 18 0 -0.125 -0.9 -0.133333 64 0 0 0.125 -0.9 -0.133333 65 -4 0 0 -0.95 0 -30 0 0 0 0 0 90 90 0 0 0 0 0 0 0 
1 
1 1 0 0 0 9.1 23 17 0 -2.8 2.5885 0.1 0 71 0 0 0 0 0 0 0 0 -1.15 0 0 0 0 0 0.2079 0 0 0 0 0 0.1615 0 180 -70 0 0 -0.223 0 0 0 0 0 -0.05 0 0 0 0 0 -0.345 0 0 0 0 -0.39775 -0.138 0 -58 54 0 0 0 0 0 0 0 0 -0.577 0 -19 14 0 0 0 0 0 0 0 0 -0.531 0 0 0 0 0.39775 -0.138 0 -54 -39 0 0 0 0 0 0 0 0 -0.577 0 -10 -31 0 0 0 0 0 0 0 0 -0.531 0 0 0 0 -0.185 -1.173 0 4 2 0 0 0 0 0 0 0 0 -0.762 0 -1 0 0 0 0 0 0 0 0 0 -0.715 0.054 0 0 0 0.185 -1.173 0 5 0 0 0 0 0 0 0 0 0 -0.762 0 -3 0 0 0 0 0 0 0 0 0 -0.715 0.054 0 0 0 -1.5 0.6 0.4 84 178 -102 0 0 0 0 0 0 0 -1 0 0 0 0 0 0.08 0.1 56 0 0 0 0.2 0 0 0 0 0 0 0 -45 0 0 0 0.18 -0.1 135 0 0 0 0 -0.16 90 0 0 -0.125 -0.1 -0.133333 86 -21 2 0.125 -0.1 -0.133333 91 18 0 -0.125 -0.9 -0.133333 91 0 0 0.125 -0.9 -0.133333 91 -4 0 0 -0.95 0 -30 0 0 0 0 0 90 90 0 0 0 0 0 0 0 
1 
1 1 0 0 0 9.1 23 17 0 -2.8 2.5885 0.1 0 168 0 0 0 0 0 0 0 0 -1.15 0 0 0 0 0 0.2079 0 0 0 0 0 0.1615 0 180 -70 0 0 -0.223 0 0 0 0 0 -0.05 0 0 0 0 0 -0.345 0 0 0 0 -0.39775 -0.138 0 -9 54 0 0 0 0 0 0 0 0 -0.577 0 -3 2 0 0 0 0 0 0 0 0 -0.531 0 0 0 0 0.39775 -0.138 0 1 -39 0 0 0 0 0 0 0 0 -0.577 0 2 -31 0 0 0 0 0 0 0 0 -0.531 0 0 0 0 -0.185 -1.173 0 4 2 0 0 0 0 0 0 0 0 -0.762 0 -1 0 0 0 0 0 0 0 0 0 -0.715 0.054 0 0 0 0.185 -1.173 0 5 0 0 0 0 0 0 0 0 0 -0.762 0 -3 0 0 0 0 0 0 0 0 0 -0.715 0.054 0 0 0 -1.5 0.6 0.4 88 178 -190 0 0 0 0 0 0 0 -1 0 0 0 0 0 0.08 0.1 56 0 0 0 0.2 0 0 0 0 0 0 0 -45 0 0 0 0.18 -0.1 135 0 0 0 0 -0.16 90 0 0 -0.125 -0.1 -0.133333 86 -21 2 0.125 -0.1 -0.133333 91 18 0 -0.125 -0.9 -0.133333 91 0 0 0.125 -0.9 -0.133333 91 -4 0 0 -0.95 0 -30 0 0 0 0 0 90 90 0 0 0 0 0 0 0 
1 
1 1 1 0 0 9.1 23 17 0 -2.8 2.5885 -0.3 0 168 0 0 0 0 0 0 0 0 -1.15 0 0 0 0 0 0.2079 0 0 0 0 0 0.1615 0 180 -70 0 0 -0.223 0 0 0 0 0 -0.05 0 0 0 0 0 -0.345 0 0 0 0 -0.39775 -0.138 0 -9 54 0 0 0 0 0 0 0 0 -0.577 0 -3 2 0 0 0 0 0 0 0 0 -0.531 0 0 0 0 0.39775 -0.138 0 1 -39 0 0 0 0 0 0 0 0 -0.577 0 2 -31 0 0 0 0 0 0 0 0 -0.531 0 0 0 0 -0.185 -1.173 0 -28 2 0 0 0 0 0 0 0 0 -0.762 0 49 0 0 0 0 0 0 0 0 0 -0.715 0.054 0 0 0 0.185 -1.173 0 13 0 0 0 0 0 0 0 0 0 -0.762 0 -3 0 0 0 0 0 0 0 0 0 -0.715 0.054 0 0 0 -1.5 0.6 1.49012e-08 88 178 -190 0 0 0 0 0 0 0 -1 0 0 0 0 0 0.08 0.1 56 0 0 0 0.2 0 0 0 0 0 0 0 -45 0 0 0 0.18 -0.1 135 0 0 0 0 -0.16 90 0 0 -0.125 -0.1 -0.133333 68 -21 2 0.125 -0.1 -0.133333 114 18 0 -0.125 -0.9 -0.133333 75 0 0 0.125 -0.9 -0.133333 114 -4 0 0 -0.95 0 -30 0 0 0 0 0 90 90 0 0 0 0 0 0 0 
1 
0 0 1 0 0 9.1 23 17 0 -2.8 2.5885 -1.3 0 168 0 0 0 0 0 0 0 0 -1.15 0 0 0 0 0 0.2079 0 8 -45 0 0 0.1615 0 180 -70 0 0 -0.223 0 0 0 0 0 -0.05 0 0 0 0 0 -0.345 0 0 0 0 -0.39775 -0.138 0 -9 54 0 0 0 0 0 0 0 0 -0.577 0 -3 2 0 0 0 0 0 0 0 0 -0.531 0 0 0 0 0.39775 -0.138 0 1 -39 0 0 0 0 0 0 0 0 -0.577 0 2 -31 0 0 0 0 0 0 0 0 -0.531 0 0 0 0 -0.185 -1.173 0 21 2 0 0 0 0 0 0 0 0 -0.762 0 -3 0 0 0 0 0 0 0 0 0 -0.715 0.054 0 0 0 0.185 -1.173 0 -27 0 0 0 0 0 0 0 0 0 -0.762 0 55 0 0 0 0 0 0 0 0 0 -0.715 0.054 0 0 0 -1.3 0.6 -0.8 88 178 -190 0 0 0 0 0 0 0 -1 0 0 0 0 0 0.08 0.1 75 42 0 0 0.2 0 0 0 0 0 0 0 -45 0 0 0 0.18 -0.1 135 0 0 0 0 -0.16 90 0 0 -0.125 -0.1 -0.133333 120 -21 2 0.125 -0.1 -0.133333 81 14 0 -0.125 -0.9 -0.133333 118 0 0 0.125 -0.9 -0.133333 71 -4 0 0 -0.95 0 -30 0 0 0 0 0 90 90 0 0 0 0 0 0 0 
1 
0 0 1 0 0 9.1 23 17 0 -2.8 2.5885 -2.5 0 168 0 0 0 0 0 0 0 0 -1.15 0 0 0 0 0 0.2079 0 8 -45 0 0 0.1615 0 180 -70 0 0 -0.223 0 0 0 0 0 -0.05 0 0 0 0 0 -0.345 0 0 0 0 -0.39775 -0.138 0 -9 54 0 0 0 0 0 0 0 0 -0.577 0 -3 2 0 0 0 0 0 0 0 0 -0.531 0 0 0 0 0.39775 -0.138 0 1 -39 0 0 0 0 0 0 0 0 -0.577 0 2 -31 0 0 0 0 0 0 0 0 -0.531 0 0 0 0 -0.185 -1.173 0 -4 2 0 0 0 0 0 0 0 0 -0.762 0 5 0 0 0 0 0 0 0 0 0 -0.715 0.054 0 0 0 0.185 -1.173 0 -10 0 0 0 0 0 0 0 0 0 -0.762 0 12 0 0 0 0 0 0 0 0 0 -0.715 0.054 0 0 0 -1.3 0.6 -2.8 88 178 -190 0 0 0 0 0 0 0 -1 0 0 0 0 0 0.08 0.1 75 42 0 0 0.2 0 0 0 0 0 0 0 -45 0 0 0 0.18 -0.1 135 0 0 0 0 -0.16 90 0 0 -0.125 -0.1 -0.133333 99 -21 2 0.125 -0.1 -0.133333 99 14 0 -0.125 -0.9 -0.133333 96 0 0 0.125 -0.9 -0.133333 97 -4 0 0 -0.95 0 -30 0 0 0 0 0 90 90 0 0 0 0 0 0 0 
1 
0 0 0 0 0 9.1 23 17 0 -2.8 2.5885 -2.5 0 168 0 0 0 0 0 0 0 0 -1.15 0 0 0 0 0 0.2079 0 8 -45 0 0 0.1615 0 180 -70 0 0 -0.223 0 0 0 0 0 -0.05 0 0 0 0 0 -0.345 0 0 0 0 -0.39775 -0.138 0 -9 54 0 0 0 0 0 0 0 0 -0.577 0 -3 2 0 0 0 0 0 0 0 0 -0.531 0 0 0 0 0.39775 -0.138 0 1 -39 0 0 0 0 0 0 0 0 -0.577 0 2 -31 0 0 0 0 0 0 0 0 -0.531 0 0 0 0 -0.185 -1.173 0 -4 2 0 0 0 0 0 0 0 0 -0.762 0 5 0 0 0 0 0 0 0 0 0 -0.715 0.054 0 0 0 0.185 -1.173 0 -10 0 0 0 0 0 0 0 0 0 -0.762 0 12 0 0 0 0 0 0 0 0 0 -0.715 0.054 0 0 0 -1.3 0.6 -2.8 88 178 -190 0 0 0 0 0 0 0 -1 0 0 0 0 0 0.08 0.1 75 42 0 0 0.2 0 0 0 0 0 0 0 -45 0 0 0 0.18 -0.1 135 0 0 0 0 -0.16 90 0 0 -0.125 -0.1 -0.133333 99 -21 2 0.125 -0.1 -0.133333 99 14 0 -0.125 -0.9 -0.133333 96 0 0 0.125 -0.9 -0.133333 97 -4 0 0 -0.95 0 -30 0 0 0 0 0 90 90 0 0 0 0 0 0 0 
0.1 
